{
	"open1" : 1.13102,
	"high1" : 1.13110,
	"low1"  : 1.13072,
	"ticks1" : 98,
	"open2"  : 1.13096,
	"high2"	 : 1.13123,
	"low2"	: 1.13094,
	"ticks2" : 85,
	"open3" : 1.13119,
	"high3" : 1.13122,
	"low3"  : 1.13107,
	"ticks3" : 80,
	"open4"  : 1.13118,
	"high4"	 : 1.13125,
	"low4"	: 1.13113,
	"close4" : 1.13123
}